300
315
301
309
325
307
392
318
338
336
367
316
367
376
343
375
330
319
330
338
353
328
381
326
358
302
328
347
305
328
361
313
344
347
323
399
303
391
329
317
346
361
313
308
305
304
361
316
336
400
348
337
333
308
382
377
335
389
343
352
382
393
317
357
348
322
393
302
323
356
360
324
315
355
303
366
360
304
397
349
329
350
382
321
331
319
302
303
398
322
370
366
385
334
328
368
389
380
368
312
301
302
328
351
341
388
348
345
340
349
355
308
348
302
372
360
372
360
386
320
390
383
346
383
334
349
309
325
349
370
372
305
385
382
306
343
309
314
341
358
358
319
391
300
347
334
369
356
322
384
304
343
363
325
302
363
335
384
343
363
353
316
331
368
388
386
310
300
324
379
302
300
344
378
377
306
302
337
309
328
357
308
306
395
303
302
384
320
323
380
337
398
342
323
382
380
368
389
307
352
399
396
325
379
337
382
381
359
324
343
368
383
381
336
343
314
308
322
300
327
328
335
322
372
340
377
347
354
312
335
337
399
300
384
307
321
310
388
344
392
398
371
302
381
302
379
356
375
314
399
373
300
319
303
382
395
321
335
393
389
370
313
380
372
328
313
319
350
307
365
353
362
346
329
349
329
332
374
367
373
341
388
373
354
305
303
397
313
366
380
333
365
399
333
309
362
390
324
363
361
330
322
363
370
375
316
321
336
399
390
399
348
306
329
360
327
396
331
361
395
390
348
337
309
367
308
335
316
392
389
300
368
343
387
397
302
336
366
347
325
332
301
324
336
335
354
373
352
340
348
303
308
341
359
335
355
370
300
357
303
363
305
399
350
371
307
362
348
307
356
307
333
310
307
318
341
323
386
400
382
347
387
330
356
335
308
377
392
395
394
324
367
394
316
367
398
318
321
358
348
363
343
373
336
304
388
311
383
329
365
370
399
390
318
321
302
312
309
382
358
314
384
386
392
336
381
334
380
382
382
360
341
374
369
362
300
380
356
319
348
368
382
339
349
362
305
305
391
329
319
370
335
376
370
379
350
330
361
346
313
307
357
300
381
375
373
375
348
327
364
311
300
358
330
313
384
359
340
313
351
367
353
380
372
310
363
381
368
369
311
337
318
394
334
306
364
357
340
325
312
333
300
339
365
383
393
328
383
394
369
367
348
396
384
389
389
353
339
331
302
373
343
333
370
331
377
351
332
373
358
352
309
367
326
345
390
333
305
320
364
365
363
347
382
382
346
367
384
340
390
320
374
304
300
378
374
376
328
358
306
328
374
303
395
302
364
327
349
389
395
331
365
394
386
331
374
346
367
384
349
309
371
392
388
397
315
367
314
375
349
391
328
374
394
303
361
343
377
317
321
367
305
303
323
372
386
336
383
358
332
366
355
312
331
329
326
371
338
389
358
355
350
303
344
318
333
368
375
318
347
387
323
392
333
350
326
342
339
393
310
397
342
333
391
375
354
368
342
334
351
323
302
399
318
348
384
318
362
347
366
371
396
344
394
389
345
398
325
342
311
387
310
371
328
362
374
332
337
384
315
375
349
317
365
303
309
307
331
396
364
367
327
324
368
351
335
339
389
391
340
373
324
363
346
393
400
368
302
360
395
394
345
329
395
370
396
357
377
312
323
369
341
370
360
308
358
333
336
400
375
370
327
392
302
384
400
310
391
310
388
357
332
353
334
399
320
331
313
327
313
354
379
326
366
346
351
381
305
371
346
316
323
350
394
358
390
349
372
366
387
394
358
342
302
313
313
380
321
392
390
306
334
329
367
319
397
356
313
310
313
370
347
331
323
328
320
306
311
341
314
331
302
376
365
347
361
337
320
371
307
379
312
336
382
319
397
340
382
364
391
366
397
334
324
384
319
305
334
378
314
307
334
354
340
372
319
374
354
311
363
316
331
387
364
320
315
307
321
346
334
314
369
327
319
378
341
328
303
348
322
357
341
341
309
393
316
360
384
364
330
318
307
341
385
383
352
394
398
352
305
398
384
343
326
356
301
330
301
375
340
336
349
373
398
381
334
381
322
309
318
367
364
353
355
377
351
396
351
367
315
369
341
336
372
378
324
357
341
319
302
364
347
314
384
308
389
335
321
389
382
359
399
369
316
398
327
308
369
317
392
379
354
354
337
368
369
323
362
400
320
362
361
344
360
353
369
368
308
330
342
312
319
319
319
306
325
327
309
327
332
313
312
311
364
389
320
331
350
396
392
383
359
333
301
395
310
324
339
353
327
355
336
323
397
358
322
397
314
352
399
