370
264
297
278
395
400
391
265
270
279
308
343
258
327
354
396
334
317
335
279
253
309
280
311
268
353
280
297
329
316
362
308
394
376
351
283
278
300
273
286
379
289
256
374
281
372
363
390
297
255
380
322
272
366
352
374
316
268
334
250
371
362
363
306
282
290
299
352
307
254
334
324
369
308
290
383
280
325
374
274
358
327
384
281
383
318
291
373
346
300
327
356
376
264
301
261
393
385
269
268
309
267
347
277
310
288
275
312
278
266
367
290
381
286
387
300
398
348
254
400
269
353
383
281
333
394
253
308
363
270
290
339
268
297
275
371
387
377
287
357
288
306
339
288
261
283
372
373
268
323
329
277
398
267
276
342
324
375
323
272
336
275
361
335
400
324
330
322
278
285
350
389
386
264
299
352
273
355
308
398
385
360
277
365
347
336
400
294
261
257
340
336
380
274
317
267
377
358
303
355
344
320
284
293
389
270
305
377
345
371
321
329
337
273
385
310
377
310
316
280
308
269
332
304
387
388
266
380
379
381
254
367
377
311
400
255
399
250
398
361
382
260
324
367
310
342
315
270
346
390
394
254
297
347
268
279
284
384
268
259
394
322
253
350
260
338
333
311
269
320
395
307
390
315
354
273
398
365
366
290
290
252
357
291
289
395
322
359
359
357
256
394
251
367
275
292
259
398
341
335
331
254
294
365
294
270
387
372
291
283
395
399
356
259
365
269
276
281
283
299
255
341
253
269
258
281
349
375
354
379
298
256
337
357
282
301
327
327
284
374
291
256
297
386
358
397
347
339
349
356
279
289
317
286
256
366
261
329
311
288
279
270
328
296
353
333
367
361
291
328
272
361
335
280
354
266
331
260
366
377
294
323
338
313
367
334
343
296
378
343
293
362
365
332
336
287
362
398
335
286
336
398
322
267
282
371
302
350
293
334
381
273
257
319
334
387
356
337
331
270
390
311
272
334
276
320
265
383
293
321
337
354
320
354
304
344
324
296
251
355
355
277
326
370
313
306
262
334
301
256
281
356
290
282
322
342
347
310
335
265
398
394
253
338
267
375
331
312
388
261
339
330
396
343
374
287
368
293
356
314
392
326
281
276
279
346
310
253
328
267
302
275
370
252
338
276
306
386
365
318
265
337
383
315
374
365
334
250
316
297
310
391
388
400
343
312
355
323
272
334
349
355
343
391
340
292
347
290
381
362
319
310
388
302
335
376
268
253
350
313
299
310
309
372
348
387
362
273
365
327
294
384
277
254
279
268
368
390
378
393
328
310
398
322
271
274
333
343
297
318
352
272
321
304
355
279
345
345
335
329
301
348
272
257
251
284
352
315
257
397
396
383
330
351
259
314
341
292
380
251
344
331
330
344
319
294
387
388
393
357
352
269
347
312
386
350
340
332
393
292
394
327
257
252
294
354
292
375
335
310
375
366
326
282
256
267
262
275
322
251
315
296
290
364
392
306
259
286
326
312
356
300
373
279
330
269
321
310
263
271
263
352
265
340
368
346
335
306
336
308
258
372
378
357
302
292
251
366
252
366
262
281
360
297
254
258
265
300
256
276
283
390
335
295
347
338
366
355
318
307
342
287
253
251
261
276
379
308
360
357
373
394
252
310
352
250
395
396
320
378
294
359
276
386
303
384
337
348
336
294
338
365
369
346
392
361
254
269
376
354
392
350
330
285
400
292
288
368
343
290
259
360
388
353
370
306
303
251
340
296
309
271
270
340
270
328
290
312
301
274
297
396
294
306
262
275
310
305
336
291
366
291
325
268
325
290
394
376
257
294
370
349
250
323
279
399
267
282
360
382
355
331
323
342
389
259
305
388
301
275
371
258
351
356
299
285
395
375
276
264
262
398
291
354
257
329
274
251
314
342
383
309
394
334
329
355
325
333
312
373
352
340
391
359
300
263
251
297
356
293
362
259
298
355
267
274
305
350
306
312
364
272
383
343
261
292
343
307
305
367
360
339
357
252
381
373
380
278
381
289
347
281
388
266
315
285
388
297
302
318
344
270
331
295
371
395
292
341
288
303
337
263
262
340
305
383
393
372
360
271
327
308
264
391
317
317
319
322
277
393
342
353
269
287
340
322
388
343
360
394
320
271
395
295
312
365
318
361
258
331
281
399
353
396
278
273
338
332
312
387
376
270
378
293
376
287
352
274
328
356
323
296
374
345
275
263
338
301
337
313
273
255
253
299
265
256
286
332
341
280
336
251
324
256
379
333
312
303
390
305
292
267
330
364
284
367
385
333
252
251
