94
39
67
60
87
14
24
90
79
99
12
12
72
16
19
85
20
21
12
41
23
72
73
38
16
78
80
28
9
65
65
99
11
59
79
75
56
33
96
83
55
20
33
19
9
76
82
3
87
52
73
98
59
84
17
59
36
65
63
55
93
65
96
87
32
35
4
4
21
3
16
84
6
99
95
22
93
30
66
34
13
91
87
92
8
17
34
58
9
90
66
25
41
5
15
7
42
2
8
50
94
87
13
49
92
89
18
39
83
100
78
28
3
33
100
56
97
44
46
25
3
81
65
59
82
53
17
38
6
61
26
40
4
68
70
35
25
75
73
27
45
34
77
68
31
85
2
56
60
49
8
57
6
33
46
92
62
18
75
45
25
10
79
57
74
66
7
83
49
83
53
92
85
23
24
14
54
99
57
20
95
42
39
28
65
86
16
26
87
49
55
55
49
46
26
2
38
7
63
87
81
65
47
65
38
99
61
17
96
50
22
64
73
64
81
69
82
48
5
89
1
41
22
79
50
61
60
39
28
11
57
17
37
48
6
83
38
12
21
79
17
50
55
53
92
60
90
84
46
71
25
1
2
95
29
13
44
68
94
62
73
21
67
81
33
56
14
27
52
73
96
42
98
12
22
80
4
85
43
58
20
8
66
86
71
70
60
41
87
30
74
81
42
55
28
77
44
7
64
64
7
51
21
30
67
1
18
47
95
24
2
41
54
68
70
63
75
39
88
29
93
1
7
99
74
53
44
40
70
62
54
24
27
24
83
63
51
28
14
63
34
59
32
32
17
71
92
24
70
27
77
4
91
62
25
90
16
38
77
37
15
62
70
7
98
85
52
77
45
78
69
57
100
50
98
76
31
68
85
93
73
1
55
39
6
80
78
44
48
63
33
13
17
56
77
93
53
14
96
45
16
51
93
48
77
93
81
9
24
86
53
4
37
76
37
59
65
14
55
43
2
30
22
12
10
15
45
47
52
46
50
1
85
20
74
50
29
77
75
79
68
14
13
70
69
10
93
83
79
13
61
67
50
26
72
60
60
63
65
80
62
1
99
37
2
8
2
94
28
75
23
29
100
62
85
42
69
34
51
36
47
29
29
72
49
99
36
97
90
100
5
97
71
19
74
81
90
6
82
6
29
39
16
33
67
87
4
44
37
65
97
29
61
56
2
56
93
27
14
13
69
53
91
78
93
64
10
71
4
48
30
88
50
35
10
89
84
99
58
52
29
17
22
83
74
60
18
19
63
75
27
74
42
94
70
42
41
23
80
53
49
85
17
97
34
81
91
67
97
18
18
23
11
71
11
32
40
73
3
76
61
57
60
33
14
31
88
65
48
39
77
5
29
8
89
81
14
4
21
13
97
57
10
8
34
47
32
40
80
77
19
87
62
95
32
8
14
22
69
65
34
59
9
92
60
38
32
67
55
15
97
12
64
19
30
26
11
69
61
72
22
2
14
69
10
100
16
98
90
26
38
10
16
65
36
61
55
82
68
59
84
43
73
36
59
12
13
31
39
99
3
32
15
86
13
59
84
57
72
99
20
78
74
14
56
78
85
40
29
84
60
61
7
100
80
57
59
38
81
69
14
91
82
52
50
26
57
57
59
36
62
84
19
90
28
35
60
60
39
55
52
66
29
58
22
87
12
15
49
98
62
98
68
37
92
66
46
56
34
62
60
84
3
83
8
76
94
14
72
67
86
75
57
4
72
46
48
79
45
33
36
99
53
5
76
59
48
54
52
67
15
86
51
3
66
20
53
95
72
8
53
58
25
36
8
100
71
26
25
98
61
48
40
71
79
33
69
76
69
57
90
60
33
62
44
32
21
99
74
32
46
93
24
89
60
12
80
23
34
77
3
59
1
40
37
57
14
16
19
4
7
50
3
21
69
20
57
42
69
32
59
84
36
4
76
46
24
96
88
90
18
85
12
25
88
44
17
37
12
48
84
33
1
94
87
14
58
91
14
96
69
23
91
88
35
80
100
81
47
92
94
28
64
77
28
76
48
60
78
59
21
47
12
93
14
88
96
76
68
10
55
35
39
9
4
49
31
76
1
67
62
95
23
39
35
78
30
59
86
100
97
25
96
20
32
98
50
48
15
12
40
70
55
1
45
63
28
22
22
43
10
7
57
69
8
70
46
97
51
89
33
9
96
28
36
30
27
2
63
3
14
67
94
4
88
65
4
15
18
79
43
78
36
6
56
38
85
100
39
73
54
38
25
28
25
31
6
37
2
45
97
48
31
4
68
22
19
98
9
32
